%YAML:1.0
cam_overlaps: []
camera_model: "pinhole"
focal: 935.404364994472
D: [-0.3315558645025376, 0.1285485852159735, -0.0002124973654861521, 0.0003051932019309772, -0.025683229844868153]
KMat: !!opencv-matrix
    rows:3
    cols:3
    dt:d
    data:[935.7189384560712, 0.0, 820.1620109813994, 0.0, 935.0897915328727, 663.2321194287717, 0.0, 0.0, 1.0]
distortion_model: radtan
RMat: !!opencv-matrix
   rows: 3
   cols: 3
   dt: f
   data: [ 1.0, 0.0, 0.0,
       0.0, 1.0, 0.0,
       0.0, 0.0, 1.0 ]
StereoRMat: !!opencv-matrix
   rows: 3
   cols: 3
   dt: f
   data: [ 0.5959991216659546, -0.0012434900272637606, 0.8029841184616089,
       0.02532966062426567, 0.9995302557945251, -0.01725257933139801,
       -0.8025854825973511, 0.030621830374002457, 0.5957506895065308 ]
EYEMat: !!opencv-matrix
    rows:3
    cols:3
    dt:u
    data:[1, 0, 0, 0, 1, 0, 0, 0, 1]
K: [935.7189384560712, 0.0, 820.1620109813994, 0.0, 935.0897915328727, 663.2321194287717, 0.0, 0.0, 1.0]
R: [1.0, 0.0, 0.0, 0.0, 1.0, 0.0, 0.0, 0.0, 1.0]
resolution: [1920, 1080]
rostopic: "/cam1/image_raw"
