%YAML:1.0
cam_overlaps: []
camera_model: "pinhole"
focal: 935.404364994472
D: [-0.3315558645025376, 0.1285485852159735, -0.0002124973654861521, 0.0003051932019309772, -0.025683229844868153]
KMat: !!opencv-matrix
    rows:3
    cols:3
    dt:d
    data:[935.7189384560712, 0.0, 820.1620109813994, 0.0, 935.0897915328727, 663.2321194287717, 0.0, 0.0, 1.0]
distortion_model: radtan
RMat: !!opencv-matrix
   rows: 3
   cols: 3
   dt: f
   data: [ 1.0, 0.0, 0.0,
       0.0, 1.0, 0.0,
       0.0, 0.0, 1.0 ]
StereoRMat: !!opencv-matrix
   rows: 3
   cols: 3
   dt: f
   data: [ 1.0, 0.0, 0.0,
       0.0, 1.0, 0.0,
       0.0, 0.0, 1.0 ]
EYEMat: !!opencv-matrix
    rows:3
    cols:3
    dt:u
    data:[1, 0, 0, 0, 1, 0, 0, 0, 1]
K: [935.7189384560712, 0.0, 820.1620109813994, 0.0, 935.0897915328727, 663.2321194287717, 0.0, 0.0, 1.0]
R: [1.0, 0.0, 0.0, 0.0, 1.0, 0.0, 0.0, 0.0, 1.0]
resolution: [1920, 1080]
rostopic: "/cam0/image_raw"
