%YAML:1.0
cam_overlaps: []
camera_model: "pinhole"
focal: 928.4782861246512
D: [-0.33174747179623154, 0.13626530900556022, 0.0003319826092616549, -0.00011108574496034744, -0.028230407229679105]
KMat: !!opencv-matrix
    rows:3
    cols:3
    dt:d
    data:[927.8227060927032, 0.0, 839.6064126018547, 0.0, 929.1338661565991, 643.9309156797201, 0.0, 0.0, 1.0]
distortion_model: radtan
RMat: !!opencv-matrix
   rows: 3
   cols: 3
   dt: f
   data: [ 1.0, 0.0, 0.0,
       0.0, 1.0, 0.0,
       0.0, 0.0, 1.0 ]
EYEMat: !!opencv-matrix
    rows:3
    cols:3
    dt:u
    data:[1, 0, 0, 0, 1, 0, 0, 0, 1]
K: [927.8227060927032, 0.0, 839.6064126018547, 0.0, 929.1338661565991, 643.9309156797201, 0.0, 0.0, 1.0]
R: [1.0, 0.0, 0.0, 0.0, 1.0, 0.0, 0.0, 0.0, 1.0]
resolution: [1920, 1080]
rostopic: "/cam0/image_raw"
